image: /home/ubuntu/mymap/yes.pgm
resolution: 0.010000
origin: [-10.360000, -11.960000, 0.000000]
negate: 0
occupied_thresh: 0.65
free_thresh: 0.196

